
-------------------------------------------------------------------------------------------------------------------mean-------------------------------------------------------------------------------------------------------------------
    num_topics          tokens       document_entropy    word-length        coherence        uniform_dist      corpus_dist      eff_num_words     token-doc-diff     rank_1_docs     allocation_ratio  allocation_count    exclusivity     
------------------------------------------------------------------------------------------------------------------------------------------------------------------------------------------------------------------------------------------
        10             30890.5            7.6829             5.01           -478.20926         4.16309           1.42282          108.19119           0.0045           0.24074           0.11448           0.28452           0.48307       
        11           28082.27273         7.57643           5.05455          -498.6121          4.18439           1.56606           105.5158          0.00469           0.22925            0.0987           0.26541           0.50136       
        12           25742.08333         7.62639           5.08333          -508.58533         4.32835           1.63232           98.00115          0.00312           0.21982           0.08041           0.23791           0.48679       
        13           23761.92308         7.49001           5.23077          -490.17277         4.37272           1.67742          101.16694          0.00508           0.21946           0.07655           0.23832           0.48384       
        14           22064.64286         7.47475           5.15357          -498.47626         4.44087           1.76734           90.5889           0.00432           0.20813           0.06731           0.21926           0.47374       
        15           20593.66667          7.3994           5.12667          -501.97266         4.51181           1.82569           86.20801          0.00526           0.21027           0.06113           0.20973           0.46643       
        16            19306.5625         7.42538           5.19688          -515.92047         4.55186           1.84275           83.38014          0.00404           0.19691           0.05338           0.19173           0.46132       
        17           18170.88235         7.25826           5.19118          -508.93914         4.58064           2.02142           83.11427          0.00482           0.18924           0.05119           0.18929           0.49333       
        18           17161.38889         7.22134           5.19722          -523.74162         4.60738           2.07562           81.8692           0.00503           0.19947           0.05085           0.18844           0.49013       
        19           16258.15789         7.22484           5.36579          -520.17398         4.66122            2.0809           77.61177          0.00407           0.18869           0.04122           0.17398           0.46888       
        20             15445.25          7.17419            5.1925          -519.69964         4.71462           2.11058           75.58418          0.00467           0.19164           0.04402           0.17081           0.45847       
        25             12356.2           7.04488            5.414           -542.22456         4.89324           2.40382           64.2489           0.00405           0.17268           0.02441            0.1319           0.47616       
        30           10296.83333         6.99721           5.29333          -537.98897         5.05568            2.4382           56.35663           0.0041           0.17281           0.02322            0.1151           0.43696       
        35            8825.85714         6.88972           5.46571          -565.89568         5.19794           2.62408           49.90511          0.00473           0.16047           0.01781           0.09571            0.4352       
        40             7722.625          6.70351            5.6575          -570.50813         5.26997           2.77862           50.6044           0.00526           0.15252           0.01611           0.08795           0.41834       
        45            6864.55556         6.63724           5.46778          -605.39438         5.37718           2.95478           43.75867          0.00468           0.15029           0.01262           0.07774           0.42493       
        50              6178.1           6.60412            5.497           -589.53358         5.44928           2.90839           42.43739          0.00512           0.15419           0.01262           0.07574           0.39579       


--------------------------------------------------------------------------------------------------------------------sd--------------------------------------------------------------------------------------------------------------------
    num_topics          tokens       document_entropy    word-length        coherence        uniform_dist      corpus_dist      eff_num_words     token-doc-diff     rank_1_docs     allocation_ratio  allocation_count    exclusivity     
------------------------------------------------------------------------------------------------------------------------------------------------------------------------------------------------------------------------------------------
        10           15674.75763         0.65993           0.26533           32.96862          0.20203            0.4467           40.71895          0.00596            0.0453           0.03653            0.0559            0.0953       
        11           15820.23173          0.7148           0.20389           64.98669          0.25279           0.55758           38.06601          0.00586           0.04489           0.03738           0.06056           0.12078       
        12           14092.34555         0.51722           0.21922           74.9142           0.26085           0.50898           43.0358           0.00184           0.04035           0.03754           0.05725           0.10577       
        13           13902.19854         0.80225           0.40551           49.24231          0.30071           0.51666           49.4536           0.00906           0.03676           0.02919           0.04268           0.10282       
        14            13636.5366         0.68731           0.25458           45.15707          0.30234           0.51964           42.50414          0.00576           0.04168           0.02972           0.05082           0.09324       
        15           13187.51572          0.8725           0.30977           55.96298          0.27921           0.54942           42.10251           0.0097           0.04726           0.03648           0.05987           0.07721       
        16           11919.48094         0.64269           0.40291           79.78631           0.3092           0.51401           39.70907          0.00677           0.03701           0.01638            0.0439           0.10201       
        17            13547.0609         0.88063            0.2814           48.81759          0.34923           0.62711           42.01426          0.00807           0.03559           0.02072           0.04417           0.10693       
        18           13089.10726         0.89782           0.35842           65.31542          0.34155           0.63488           40.52663          0.00939            0.0499            0.0349           0.05723           0.11782       
        19           11761.37582         0.74193            0.3532           72.20242          0.34641           0.60324           44.89535          0.00522           0.04088           0.02142           0.04411           0.11211       
        20           10998.07624         0.85923           0.39347           60.1794           0.34017           0.62533           47.20258           0.008             0.0346           0.02334           0.03569           0.10071       
        25           10335.02007         0.75878           0.53526           75.59971           0.339            0.65672           38.68546          0.00469           0.04115            0.0162            0.0417           0.11972       
        30            6280.90112         0.82208           0.43984           82.08385          0.32701           0.60773           32.77766          0.00755           0.04803           0.03078           0.04675           0.12088       
        35            6059.58575          0.821            0.42389          117.97056          0.36034           0.64824           31.64975          0.00949            0.0436           0.02706            0.045            0.14825       
        40            6933.46272         0.92974           1.23989          106.51379          0.41272           0.70281           35.10995          0.00897           0.04509           0.02363           0.04054           0.12178       
        45            6164.13647         0.85153           0.61084          136.08761          0.40351           0.77299           30.04359          0.00867           0.05114           0.03052           0.04745           0.13312       
        50            4111.30215          0.9147           0.87301           111.785           0.39637           0.72327           27.09272          0.01083           0.05451            0.0234           0.04688           0.13547       


------------------------------------------------------------------------------------------------------------------median------------------------------------------------------------------------------------------------------------------
    num_topics          tokens       document_entropy    word-length        coherence        uniform_dist      corpus_dist      eff_num_words     token-doc-diff     rank_1_docs     allocation_ratio  allocation_count    exclusivity     
------------------------------------------------------------------------------------------------------------------------------------------------------------------------------------------------------------------------------------------
        10             25930.0            7.8233            5.025           -482.5948          4.17865            1.3948           104.6779           0.0022           0.23445           0.10525            0.2697            0.4948       
        11             27397.0            7.8228             4.95           -488.7728           4.2352            1.4045           106.6433           0.0022            0.225             0.0889            0.2438            0.5378       
        12             23737.5            7.705             5.075           -494.5058           4.3631            1.5445           86.11235          0.00275           0.21905            0.0782           0.22815            0.4781       
        13             20602.0            7.6967             5.2            -481.7741           4.4642            1.5976           91.8104            0.0018            0.2205            0.0733            0.2319            0.4636       
        14             20074.5           7.70875             5.1            -496.1315           4.4527            1.6002           83.06865           0.0024            0.2084           0.06145           0.21645           0.46375       
        15             16982.0            7.5482             5.15           -497.9382           4.5554            1.6994           79.2314            0.0024            0.2013            0.0473            0.1905            0.4617       
        16             17673.5            7.5027             5.15            -496.155          4.57305            1.7427           81.21885           0.0021           0.19445            0.0508            0.1857           0.44125       
        17             12850.0            7.2254             5.2            -506.7169           4.6066            2.0249           66.1643            0.0023            0.1752            0.0467            0.1797            0.5198       
        18             13864.5           7.35625            5.175           -506.79485          4.6773            1.9537           72.9946            0.0028           0.19395            0.0409           0.18295           0.50985       
        19             12756.0            7.264              5.35           -496.4432           4.7204            2.0422           64.2926            0.0022            0.1807            0.0346            0.1637            0.4914       
        20             12672.5           7.26635             5.15           -491.6544           4.7356           1.95955           64.3511            0.0025            0.1778            0.0379            0.1605           0.45045       
        25              8112.0            6.9325             5.3            -521.0194           4.901             2.5184           57.0994            0.0025            0.1665            0.0197            0.1271            0.4776       
        30              7874.0           7.01375             5.3            -520.62925          5.0518            2.4321           47.49685           0.0026            0.1762            0.0151            0.1058            0.4193       
        35              6835.0            6.8975             5.4            -542.1146           5.3083            2.6163           38.7092            0.0027            0.1518            0.0119            0.088             0.4198       
        40              6259.0           6.79935             5.4            -541.3057          5.33075           2.65985           36.15445           0.0026           0.14025           0.01045           0.08175            0.4002       
        45              5374.0            6.6878             5.35           -551.6425           5.4064            2.9329           35.9223            0.0025            0.1461            0.0066            0.0759            0.4071       
        50              5282.0           6.66435            5.375           -556.9596           5.4731             2.86            36.48845           0.0025            0.1484            0.0074            0.0688            0.363        

