
 ------------------------------------------------------------------------------------------------------------------mean------------------------------------------------------------------------------------------------------------------ 
    num_topics          tokens       document_entropy    word-length        coherence        uniform_dist      corpus_dist      eff_num_words     token-doc-diff     rank_1_docs     allocation_ratio  allocation_count    exclusivity     
------------------------------------------------------------------------------------------------------------------------------------------------------------------------------------------------------------------------------------------
        10              4935.2           7.43307            5.985           -854.1769          3.29338           1.64856           91.20724           8e-05            0.51178           0.39407            0.6027           0.57122       
        11            4486.54545         7.35901           6.09545          -879.99565         3.38307            1.7491           80.59864           8e-05            0.50475           0.37886           0.58566           0.58704       
        12            4112.66667          7.2667           6.04583          -885.15404          3.4282           1.84567           78.05378           7e-05            0.49371           0.36383           0.57047           0.59902       
        13            3796.30769         7.15476           6.05385          -890.83675         3.45784           1.94614           83.32105          0.00011            0.4916           0.36952           0.57587           0.58148       
        14            3525.14286         7.12229           6.14286          -880.58166         3.56897            1.986            69.63431           8e-05            0.47975           0.33501           0.55165           0.55162       
        15            3290.13333         7.03777           6.23667          -901.01115         3.61337           2.08203           68.10053           9e-05            0.47583           0.31611           0.55108            0.5716       
        16              3084.5           6.93723           6.06875          -896.50163         3.63696           2.13061           71.60269           9e-05            0.49572           0.32015           0.55256           0.54581       
        17            2903.05882         6.90179           6.17941          -913.04466         3.69921           2.20487           65.31481           9e-05            0.47771           0.28188           0.53611           0.56416       
        18            2741.77778         6.89081           6.03333          -913.79772         3.76325           2.20348           62.96769           9e-05            0.47444           0.26497           0.53557           0.53339       
        19            2597.47368         6.80926           6.05789          -926.65716         3.74182           2.27705           67.29852          0.00016           0.47626           0.26068           0.53315           0.54857       
        20              2467.6           6.79388            6.1175          -930.45042         3.86377           2.29431           55.04055           8e-05            0.46231            0.2394           0.52281           0.52138       
        25             1974.08           6.55452            6.146           -966.6347          4.05027           2.57876           48.89264           8e-05            0.45884           0.20634           0.50828           0.54218       
        30            1645.06667         6.39445             6.29           -975.08427         4.19198           2.72626           43.56587          0.00012           0.44941           0.19258           0.49596           0.53463       
        35            1410.05714         6.30365           6.35857          -994.83272         4.31903           2.83366           38.85287          0.00011           0.43631           0.17396           0.46922           0.51165       
        40              1233.8           6.16789            6.2525         -1004.19245         4.40584           2.94412           37.67209          0.00014           0.43274            0.1689           0.45968           0.49898       
        45            1096.71111         6.03413           6.35889         -1022.08949         4.50734            3.0905           34.60136          0.00014           0.43298           0.16239           0.42922            0.4995       
        50              987.04           5.88936            6.447          -1037.28496         4.56732           3.23872           33.48676          0.00018           0.41994           0.15916           0.42844           0.51334       


 -------------------------------------------------------------------------------------------------------------------sd------------------------------------------------------------------------------------------------------------------- 
    num_topics          tokens       document_entropy    word-length        coherence        uniform_dist      corpus_dist      eff_num_words     token-doc-diff     rank_1_docs     allocation_ratio  allocation_count    exclusivity     
------------------------------------------------------------------------------------------------------------------------------------------------------------------------------------------------------------------------------------------
        10             1108.784          0.22249            0.468            44.57171          0.24963           0.21608           38.64716           7e-05            0.05707           0.02795           0.02641           0.05513       
        11            1114.04483         0.24151           0.50293           51.42986          0.23411           0.23634           34.38229           8e-05            0.05462           0.03053           0.03232           0.06532       
        12            1353.2742          0.32623           0.49348           49.60169          0.19698           0.30971           31.11764           7e-05            0.06727           0.02848           0.02369           0.05146       
        13            1570.16532         0.40625           0.47776           63.73659          0.25539           0.39689           34.51941          0.00011           0.05839           0.02325           0.02457           0.04625       
        14            1274.54591         0.34616            0.5612           52.53216          0.26354           0.34053           30.11475           9e-05             0.0669           0.05593           0.01986           0.05176       
        15            1330.10054         0.41645           0.67218           68.2395           0.24818           0.40668           28.24035           8e-05            0.06426           0.06323           0.02217           0.08104       
        16            1399.72796         0.47765           0.51078           60.59908          0.28063           0.45829           31.44665          0.00011           0.06183           0.06583           0.02333           0.06301       
        17            1333.30172         0.48081           0.58813           60.01785          0.27654           0.46956           26.13509          0.00011            0.0692           0.07097           0.02722           0.07726       
        18            974.69115          0.40206           0.55877           57.5608           0.30239            0.3869           29.12961          0.00012           0.06253            0.0574           0.02437           0.06862       
        19            1070.70682         0.48098           0.52422           58.01008          0.28362           0.49178           28.62053          0.00024           0.06336           0.06197           0.02103           0.09877       
        20             1022.044           0.4065           0.55661           66.69047          0.25584           0.38331           25.62862           9e-05            0.06505           0.06362           0.02687           0.08254       
        25            969.11365          0.50252           0.64621           62.31153          0.34529           0.51931           22.5893            7e-05            0.05508           0.03163           0.02963           0.09651       
        30             809.5416          0.52468           0.52479           75.62801          0.34498           0.49399           19.17665           0.0002           0.06611           0.03417           0.03408           0.09864       
        35             637.179           0.43838           0.55362           69.00108          0.29768           0.44764           15.05481          0.00014           0.06502           0.03097           0.03182           0.10253       
        40            553.74246          0.48417           0.55294           61.79471          0.28935           0.50104           16.63095          0.00023           0.08034            0.0359           0.03942           0.09833       
        45            622.33366          0.53259           0.64552           68.94021          0.33335           0.53419           14.09644          0.00018            0.0872           0.04338            0.0445           0.10294       
        50            641.24423          0.62131           0.64128           72.70914           0.3225           0.60097           13.31985          0.00035           0.06928           0.03741           0.03854            0.1042       


 -----------------------------------------------------------------------------------------------------------------median----------------------------------------------------------------------------------------------------------------- 
    num_topics          tokens       document_entropy    word-length        coherence        uniform_dist      corpus_dist      eff_num_words     token-doc-diff     rank_1_docs     allocation_ratio  allocation_count    exclusivity     
------------------------------------------------------------------------------------------------------------------------------------------------------------------------------------------------------------------------------------------
        10              4796.5           7.42235             6.0            -846.87575          3.2475           1.62195           90.65595           0.0001           0.52785           0.38875            0.6044            0.5588       
        11              4844.0            7.4587             6.05           -864.9404           3.3083            1.633            68.3383            0.0001            0.5021            0.3675            0.5771            0.5654       
        12              4111.0            7.321              6.05           -877.08465         3.39175            1.7326            70.476            5e-05            0.47845            0.3636            0.5712           0.58095       
        13              2883.0            7.0373             6.1            -877.4202           3.3844            1.9914           97.5272            0.0001            0.4749            0.3734            0.579             0.5842       
        14              3056.0            7.0696            6.125           -870.6329          3.53775           1.99835           67.5801            0.0001           0.46385            0.3415            0.5518           0.53965       
        15              2926.0            7.0622             6.2            -869.1241           3.5542            2.1106            74.213            0.0001            0.4736            0.3356            0.5455            0.5645       
        16              2857.5           6.93755             5.95           -876.11165          3.5442            2.0925           74.1797            0.0001           0.50095            0.345            0.55395           0.53475       
        17              2421.0            6.898              6.25           -896.2681           3.6193            2.2892           64.4631            0.0001            0.4595            0.269             0.5416            0.5445       
        18              2642.5            6.9211            5.925           -900.07765          3.6733            2.0794           67.22735           0.0001           0.47635           0.24805           0.53105           0.52715       
        19              2606.0            6.8765             6.0            -941.4766           3.6568            2.0987           65.3955            0.0001            0.4669            0.2392            0.5306            0.5253       
        20              2344.0            6.8294            5.975           -930.79595         3.87195           2.25595           55.47605           0.0001           0.46945           0.22325            0.525            0.51575       
        25              1735.0            6.5774             6.05           -976.6235           3.9567            2.6281            52.835            0.0001            0.4456            0.2013            0.5092            0.5154       
        30              1348.5            6.3555             6.2            -978.24395         4.09745            2.7587           49.12585           0.0001            0.4414           0.19415           0.49675           0.53065       
        35              1205.0            6.2188             6.35           -1000.4571          4.1856            2.9019           43.4703            0.0001            0.433             0.1738            0.477             0.484        
        40              1182.5           6.25125            6.075          -1004.29445         4.34055           2.88365            38.133            0.0001            0.4326           0.16335            0.4652            0.4979       
        45              971.0             6.0594             6.35           -1023.9121          4.4106            3.0318           35.1161            0.0001            0.4215            0.1627            0.4322            0.5078       
        50              779.5            5.77785             6.4           -1036.07415          4.4962            3.2533           35.0683            0.0001           0.42085            0.1507           0.42955            0.5122       

