
 ------------------------------------------------------------------------------------------------------------------mean------------------------------------------------------------------------------------------------------------------ 
    num_topics          tokens       document_entropy    word-length        coherence        uniform_dist      corpus_dist      eff_num_words     token-doc-diff     rank_1_docs     allocation_ratio  allocation_count    exclusivity     
------------------------------------------------------------------------------------------------------------------------------------------------------------------------------------------------------------------------------------------
       s_10            51299.1           9.37568             5.4            -823.90869          4.3365           1.47439          142.39117          0.00035           0.58271            0.4983           0.69373           0.54107       
       s_11          46635.54545         9.31106           5.30909          -814.28089         4.33827           1.48595          138.17615          0.00032           0.58909           0.51088            0.6975            0.517        
       s_12            42749.25          9.28987             5.3            -832.91288         4.39954           1.55654          126.03444          0.00031           0.57103           0.47911           0.67673           0.52702       
       s_13          39460.84615         9.20249           5.40769          -820.56667         4.43169           1.59798          123.12396          0.00029           0.57322            0.4767            0.6749           0.51271       
       s_14          36642.21429         9.14326           5.23571          -828.0199          4.47032           1.65111           122.7214          0.00029           0.56965            0.4705           0.67147           0.50398       
       s_15            34199.4           9.12938           5.31333          -817.71571         4.47765           1.62973          122.72424          0.00034           0.56425           0.46739            0.671            0.48291       
       s_16           32061.9375         9.04959           5.34062          -842.18587         4.53324           1.68849          115.05578          0.00031           0.55717           0.45974           0.66201           0.46365       
       s_17          30175.94118         8.99572           5.34118          -830.18725         4.56474           1.74211          108.81677           0.0004           0.55469           0.45364           0.65588           0.46768       
       s_18            28499.5           8.87908           5.49722          -848.51573         4.66058           1.84229          103.59612          0.00049           0.55778           0.46037           0.66036           0.48562       
       s_19          26999.52632         8.85632           5.40263          -828.44097         4.67874            1.8459          105.66639          0.00042           0.55655           0.45557           0.65796           0.47027       
       s_20            25649.55          8.86942            5.2975          -829.6624          4.59704           1.84598          110.09737           0.0005           0.54244           0.43919           0.64927           0.46622       
       s_25            20519.64          8.71467            5.328           -846.33883         4.81208           1.99746           85.17917          0.00038           0.51394            0.3991           0.59851           0.43022       
       s_30            17099.7            8.539            5.44333          -870.25393         4.94211           2.16303           73.27022          0.00057           0.50147           0.38519           0.57741           0.40172       
       s_35          14656.88571         8.34791           5.52571          -886.59028         5.11642           2.31034           70.09711          0.00054           0.50279           0.37941            0.5727           0.41101       
       s_40           12824.775          8.28568           5.50125          -860.44038         5.12498           2.35046           69.25458          0.00046           0.49611           0.36794           0.56572           0.37186       
       s_45            11399.8           8.13782           5.44333          -903.13272         5.26244            2.5165           60.6951           0.00043           0.48304           0.35569           0.55241           0.38038       
       s_50            10259.82           8.0698            5.475           -895.3165          5.30018           2.56074           58.35314          0.00063           0.48492           0.34848           0.54895           0.36624       


 -------------------------------------------------------------------------------------------------------------------sd------------------------------------------------------------------------------------------------------------------- 
    num_topics          tokens       document_entropy    word-length        coherence        uniform_dist      corpus_dist      eff_num_words     token-doc-diff     rank_1_docs     allocation_ratio  allocation_count    exclusivity     
------------------------------------------------------------------------------------------------------------------------------------------------------------------------------------------------------------------------------------------
       s_10          20169.10118         0.80535           0.59203           91.58612          0.80161           0.69715           90.72255          0.00056           0.05988           0.03597           0.03344           0.10301       
       s_11          17744.57735         0.69856           0.74797           88.90672          0.76034           0.62005           77.88019           0.0005           0.03104           0.03804           0.01593           0.13081       
       s_12          16117.68908         0.61941           0.57373          108.51888          0.69614           0.60119           68.37125          0.00042           0.05863           0.04568           0.01826           0.09636       
       s_13          15063.94398         0.64742           0.62476           94.8111           0.69367           0.57496           72.76872          0.00046             0.06            0.04415           0.02195           0.11994       
       s_14          14064.85043         0.61883            0.582            92.1489           0.71172            0.5973           68.05588          0.00041           0.06232           0.04492           0.02025           0.10341       
       s_15           9904.95033         0.51224           0.65178           98.84321          0.66621           0.49342           66.3409           0.00062           0.04942           0.04488           0.02139           0.12278       
       s_16          10118.89802         0.60082           0.54807          114.73188          0.69936            0.5282           61.23045          0.00052           0.05702           0.05038           0.02393            0.1089       
       s_17           9975.20809         0.59845           0.54563          106.37691          0.64801           0.52734           57.5239            0.001             0.0565           0.05067           0.01953           0.10404       
       s_18          12749.49395         0.70646           0.80631          110.88183          0.75001           0.61982           59.07369          0.00103           0.05761           0.05389           0.02246            0.1427       
       s_19          10342.15838         0.64506           0.70887          120.98791          0.73458           0.58957           58.65179          0.00079           0.06138           0.05529           0.02319           0.12561       
       s_20           9915.47809         0.48574           0.57238          111.40505          0.59387           0.49287           59.96069          0.00137            0.0478           0.05114           0.01932           0.11356       
       s_25           6782.08376         0.46447           0.59482          112.73328          0.58038           0.40993           50.76333           0.0009           0.05676           0.05617           0.03442           0.12225       
       s_30           6113.2545          0.53706           0.91804          128.25878          0.56689           0.48354           39.13745          0.00178           0.06618           0.06225           0.03736           0.11664       
       s_35           6272.8088          0.66498           1.13316          128.24983          0.73172           0.56224           42.53915           0.0016           0.07802            0.0665           0.04002           0.12289       
       s_40           4294.77833         0.53768           1.29047           132.508            0.594            0.48869           42.83744          0.00176           0.07582           0.06695            0.0423           0.12506       
       s_45           4946.4042          0.63179           0.83723          153.02934          0.65691           0.59079           36.18761          0.00128           0.07018           0.07118           0.04354           0.10738       
       s_50           4147.64453         0.57533           0.82464          141.14871           0.609            0.51547           32.7217            0.0025            0.0736           0.07426           0.04561           0.11196       


 -----------------------------------------------------------------------------------------------------------------median----------------------------------------------------------------------------------------------------------------- 
    num_topics          tokens       document_entropy    word-length        coherence        uniform_dist      corpus_dist      eff_num_words     token-doc-diff     rank_1_docs     allocation_ratio  allocation_count    exclusivity     
------------------------------------------------------------------------------------------------------------------------------------------------------------------------------------------------------------------------------------------
       s_10            55118.5            9.6833             5.2            -794.91945         4.14435           1.18655           139.2386           0.0001           0.57285            0.4925            0.6905           0.51455       
       s_11            49171.0            9.6459             5.1             -790.242           3.9692            1.1868           145.0688           0.0001            0.5842            0.4978            0.6941            0.4956       
       s_12            49651.0            9.5963            5.225           -806.78375          4.2511            1.2946          110.36235           0.0001            0.5721           0.46585            0.6745            0.5019       
       s_13            42323.0            9.4458             5.25            -779.764           4.3141            1.2656           109.3269           0.0001            0.574             0.4743            0.6757            0.4702       
       s_14            39073.5           9.42885            5.125           -790.65065         4.34215            1.4329           114.9053           0.0001           0.57255            0.4619            0.6718           0.49185       
       s_15            33892.0            9.2698             5.1            -794.6797           4.3174            1.5053           132.1916           0.0001            0.5621            0.4509            0.663             0.4561       
       s_16            34080.0           9.29005            5.225           -791.8182          4.42305           1.46345           113.0643           0.0001            0.552             0.4447           0.65795            0.4385       
       s_17            32230.0            9.1906             5.15           -821.0522           4.4457            1.5179           106.7063           0.0001            0.5517            0.4367            0.6533            0.4483       
       s_18            27983.0           9.13635            5.275           -813.14345          4.4106           1.63935           101.9978           0.0001            0.5401            0.4365           0.65225           0.43965       
       s_19            29667.0            9.1511             5.2            -799.3367           4.4777            1.5929           110.0979           0.0001            0.5651            0.4369            0.6552            0.4201       
       s_20            25893.5            8.9846            5.175           -792.51255         4.39425            1.6584           112.5217           0.0001           0.53565           0.41935            0.6441            0.4323       
       s_25            18916.0            8.7711             5.3             -793.34            4.7247            1.9648           70.0485            0.0001            0.4987            0.3774            0.5881            0.3994       
       s_30            16890.5            8.6767             5.25           -815.9273           4.8043            1.996            71.81935           0.0001           0.49085            0.3668           0.56955           0.37395       
       s_35            13367.0            8.4796             5.3            -866.1988           4.8736            2.1614           68.1576            0.0001            0.4908            0.358             0.5634            0.3663       
       s_40            12408.0           8.38895             5.25           -847.62205         4.95255            2.2065           66.0095            0.0001           0.48375           0.35175            0.5612            0.3487       
       s_45            11427.0            8.2992             5.3            -858.0066           5.0765            2.3487           58.1405            0.0001            0.4697            0.3381            0.5444            0.3704       
       s_50            10372.5           8.22295             5.2            -844.0632           5.1556            2.4813           52.25265           0.0001           0.47565           0.32735           0.53725           0.34185       

